"V1"
15126
15200
15190
15217
15102
15159
15242
15184
15216
15187
15229
15138
15257
15185
15159
15085
15276
15080
15110
15147
15180
15202
15112
15167
15265
15186
15131
15211
15094
15198
15169
15246
15109
15208
15174
15173
15137
15145
15194
15233
15250
15166
14911
15001
15041
15017
14891
14888
15082
14894
14930
14901
15043
15231
14997
14926
14981
14930
14924
15061
15065
15022
14978
15059
15000
14940
14916
14927
14963
14981
14900
14987
14975
15026
14958
14949
14994
15008
14968
14952
14950
14984
14987
14964
14950
14931
14942
14970
14974
14959
15128
14963
14976
14945
14975
14903
14949
14900
14948
14947
14895
15014
14966
14920
14965
15003
14922
15089
15157
14946
15001
14985
15244
14954
15109
15207
14984
14901
14913
14950
14877
14843
14875
14901
15009
14993
14845
14918
14866
14868
14955
15000
15036
14982
14935
14968
15134
14891
14905
14994
14891
14835
15066
15015
14873
15118
14983
14889
15011
14917
14978
15015
15016
15002
14897
14974
14999
15099
14956
14928
15058
14986
14893
15024
14986
14962
15026
15046
14963
15090
14952
14964
14933
14901
14970
15077
14929
14942
14996
15062
15103
14960
14999
14991
14883
15017
15131
15101
14988
14943
14918
15109
14955
14961
15096
14922
15014
14973
15053
14950
15083
15091
15082
14963
14958
14988
14889
15122
14893
14907
14991
14915
14937
15030
15059
14968
14995
15119
14903
15033
15002
15008
14981
14928
15111
14990
15111
15174
14883
14963
15070
14964
14973
14934
14897
14913
15249
15021
14929
14969
14946
14956
14959
14929
14918
14973
14898
14932
14927
15088
15003
14978
14921
14883
14948
14930
15124
14966
14970
15060
14932
14975
15026
14910
15010
15112
15009
14968
14916
14988
14922
14966
14987
14934
14824
14904
14834
14965
14929
14988
14949
14953
14896
14958
14966
14911
14999
14943
15017
14936
15059
15270
15260
15062
15123
15167
15276
15112
15129
15267
15223
15256
15271
15117
15232
15028
15212
15146
15187
15233
15244
15120
15236
15138
15202
15280
15266
15207
15153
15227
15240
15251
15232
15216
15203
15246
15243
15235
15267
15220
15265
15233
15202
15160
15185
15051
15103
15270
15230
15179
15260
15212
15115
15119
15280
15226
15325
15224
15272
15221
15203
15204
15223
15160
15123
15199
15310
15123
15288
15310
15214
15144
15250
15283
15168
15240
15202
15099
15107
15199
15102
15179
15239
15036
15208
15140
15254
15188
15302
15292
15221
15178
15135
15257
15281
15130
15173
15224
15229
15232
15265
15229
15209
15194
15206
15143
15098
14904
15062
15008
15040
15120
15132
14917
15102
15073
15138
15048
15236
15195
15034
15274
15040
15237
15212
15271
15057
15272
15106
15142
15024
15191
15047
15336
15069
15050
15114
15082
15065
14949
14969
15000
15044
15024
14989
14981
14919
15048
15000
15058
14927
14932
14982
15012
14948
15049
14959
14925
14990
15415
15250
15160
15001
14981
14935
14998
14892
15034
15059
15025
14978
14952
14990
15050
15005
14978
14986
15138
14941
14957
15016
15337
14935
14950
14928
14904
15006
14949
15065
15074
14991
15005
14961
14935
15084
14979
15000
15351
15233
15246
15198
15239
15002
14953
14984
14983
15121
14978
14954
14981
14918
14981
15206
14940
15004
14998
14992
14999
15118
14971
14996
15067
14967
15003
15058
14981
14920
15036
15016
15025
14962
14984
15015
15162
14986
14906
14930
14980
14910
15008
14987
14967
15224
14951
14917
14989
15140
15024
14932
15208
14935
15008
14967
14982
14946
14937
14958
14995
15072
15026
14984
14951
14959
14956
15000
15029
14950
15000
14964
15002
15163
14919
15014
14957
14906
14905
14991
14993
14963
15268
15142
14921
14999
14922
15004
14996
14909
14955
15024
15088
15005
14954
14929
15126
15024
15087
15004
14974
15156
14983
15037
14975
15037
15002
15002
15052
15205
15229
14963
14977
14959
14989
14975
15080
14919
15230
14975
14947
14930
14986
14987
15038
14948
14948
15063
14978
14950
15016
15092
15006
15001
14966
15453
15036
15149
15082
15054
15013
15071
14983
15013
15226
14986
14987
14985
15001
15017
15290
15047
14968
15136
15047
15056
15394
15036
15038
14958
14947
15101
15063
15073
15040
15082
14990
15078
15125
15328
15032
15015
14952
15035
15047
15135
15099
15026
15020
15155
14926
15148
14970
15027
15217
14990
15091
15094
15094
15056
15122
15131
15208
15039
15184
14967
15073
15023
14964
15000
15045
15120
15005
15045
15050
15099
15342
14956
14980
14980
15120
15106
15010
15016
14997
14955
15085
14970
15139
15037
14971
15021
15002
15092
15068
15069
15141
15089
15011
15033
15221
15035
15029
14951
15019
14924
15013
14987
15135
15042
15038
15125
14917
15011
15081
15145
15248
14969
15062
15052
14931
15053
15036
15089
14957
15072
15006
15157
15219
15074
15041
15063
15148
15134
15237
15143
15088
15037
15022
15052
15104
15113
15104
15228
15091
15035
15071
15082
14969
15082
15173
14945
15008
15104
15088
15085
15037
14940
15048
15060
14998
14946
15245
15019
15053
14968
15094
15203
15015
15037
15025
14976
15131
15189
15056
15112
15100
15105
15081
15060
15094
14964
15045
15058
15031
15083
15167
14945
14966
15156
15267
15067
15074
15124
14963
14919
14977
14954
14992
14996
14934
15042
15066
14947
15057
15362
15227
15082
15032
15284
15039
15088
14936
14942
14965
15113
15129
15095
15012
15339
15108
15070
15084
14876
14848
14951
14963
14992
15024
14913
14831
14908
15003
14873
14961
14901
15119
14932
14927
14934
14868
14897
15017
15004
14952
14885
14901
14961
15045
14991
14922
14879
14909
14840
14936
14803
14679
14982
14846
14851
14955
15176
15128
14964
14862
15082
14992
14735
14878
15009
14830
15028
14791
15120
15049
15105
15054
15000
15059
14977
14875
14877
14833
14926
14896
14958
14768
14938
14971
15086
14954
15005
14972
15016
14932
14946
15010
14719
14887
14922
14903
15052
14854
14709
14734
14891
14922
14772
14961
14931
14881
14915
14905
14926
14947
14915
14887
14918
14937
15055
14963
14789
14914
15001
15158
14991
15006
14914
15026
14869
14962
14938
15023
15025
15161
14908
15153
14906
15038
14890
14893
14847
14976
14920
14921
14931
14838
14980
15050
14853
14857
15023
14988
14884
14939
14836
14938
14765
15177
14954
15002
15014
15080
14949
14903
15042
15096
14957
14952
15009
15056
15006
15104
15155
15050
14962
14904
14923
14878
15160
14931
14914
14947
15021
15031
14911
14965
14993
15012
15050
14992
15034
14974
14899
14932
15026
14982
14992
14822
14980
15030
14941
14944
14876
15036
15037
14995
15029
14954
14945
14818
14859
14957
14928
14883
14916
14978
14998
14902
14942
14876
15015
14860
14949
15052
15023
14973
14957
14971
15084
14938
15037
15007
14965
15012
14928
14998
14959
15045
14842
14923
15081
14816
14861
14925
14999
14892
14972
14864
14872
14903
14901
14924
14873
15004
15040
14910
14884
15039
14969
15032
15058
14978
14956
15001
14831
15002
15023
14926
14912
14862
14895
14870
15042
14973
15122
15006
14986
14993
14990
14895
14906
15132
14920
14864
15018
15054
14949
14986
14867
15019
14871
15087
15032
14951
15086
14952
14979
15114
14828
14920
14978
14924
14942
14911
15009
14878
14918
14840
14853
14841
15021
14922
14864
14912
14970
15062
15000
14963
14922
14905
14830
14967
14864
14912
14941
14885
14900
14957
14791
14776
14915
14851
14813
14827
15004
14963
14963
14915
14857
14882
14851
15012
14882
14887
14898
14936
14977
14919
14961
15161
14934
14948
14876
14995
14881
14810
14876
14858
14812
15018
14917
14990
14839
15138
15022
14880
14933
14822
14921
14916
15123
14990
15049
14913
14958
14995
14857
14903
14982
15010
14981
15008
14954
14920
14791
14878
14906
14814
14947
14938
14820
15000
14939
14958
14877
15006
14829
14925
14839
14866
14849
14916
14956
14894
14895
14976
14864
14915
15001
14772
14832
14912
14880
14972
14844
14852
14881
14812
14950
14934
14911
14863
14908
14965
14948
14757
14946
14953
14918
14973
14877
14863
14855
15033
14939
14944
14823
14934
14794
14896
14872
14850
14878
14972
14975
14922
14902
14832
14963
14909
14823
14936
14926
14980
14891
14880
15031
14863
14961
14972
14901
14896
14926
14888
14920
14927
14929
14940
14953
14869
14839
14788
14910
14926
14789
14907
14934
14901
14850
14940
14871
14875
14929
14940
14824
14900
14809
14915
14943
14822
14765
14970
14911
14808
14879
14994
14940
14846
14869
14972
15007
15002
14888
14994
14935
15026
14909
14834
14868
14883
14928
14783
14929
14998
14845
14828
14912
14883
14893
15007
14857
14950
14881
14977
14897
14856
14954
14924
14953
14913
14814
14880
14950
14859
14999
14964
14976
14952
14901
14970
14909
14791
14989
14988
14943
14928
14980
15005
14948
14909
14827
14918
14895
14906
14869
14763
14874
14773
14890
14879
15078
14892
14895
15003
15029
14890
14815
14975
14920
14981
14938
14930
14972
14934
14836
14924
14882
14790
14859
14849
14888
14841
14769
14992
14886
14868
14881
14905
14858
14948
14990
14981
14895
14815
14872
14910
14944
15022
14940
14989
14980
14934
15001
14783
14883
14931
14908
14910
14946
14946
14946
15025
14953
14982
14961
14883
14885
14994
14994
15029
15029
14877
14875
14903
14863
14982
15010
14933
14981
14890
14944
14907
14891
14874
14776
15076
15105
15042
14963
15102
14933
14953
14938
14915
15036
14928
14970
14886
14846
14967
14942
14789
14888
14855
14965
14809
14955
14988
14937
14944
14803
14825
14978
14882
14802
14862
14855
14769
14922
14843
14859
14856
14806
14837
14803
15002
14826
14934
14876
14984
14783
14845
14854
14889
14815
14737
14862
14904
14904
14863
14821
14768
14895
14858
14856
14746
14784
14811
14825
14808
14909
14834
14838
14812
14720
14903
14890
14896
14850
14792
14830
14761
14878
14819
14805
14745
14949
14853
14966
14802
14782
14795
14847
14817
14885
14848
14872
14891
14909
14815
14848
14906
14856
14788
14859
14886
14851
14933
14806
14822
14862
14890
14857
14803
14792
14920
14784
14866
14833
14784
14746
14778
14809
14862
14836
14835
14878
14802
14887
14801
14897
14954
14847
14837
14811
14941
14883
14847
14954
14934
14818
14863
14966
14943
14836
14860
14814
14868
14844
14754
14837
14821
14818
14776
14823
14811
14877
14907
14823
14847
14776
14879
14897
14845
14893
14904
14864
14848
14804
14946
14879
14868
14761
14817
14871
14827
14971
14944
14831
14948
14824
14898
14728
14839
14808
14904
14825
14802
14925
14773
14757
14780
14990
14738
14951
14867
14893
14766
14919
14854
14804
14923
14897
14926
14847
14777
14862
14959
14882
14853
14842
14904
14838
14914
14845
14890
14841
14806
14741
14781
14871
14917
14876
14769
14788
14786
14723
14782
14773
14869
14922
14787
14800
14854
14832
14860
14774
14829
14777
14774
14840
14831
14841
14834
14850
14816
14782
14802
14777
14890
14847
14857
14885
14833
14848
14832
14838
14815
14922
14827
14870
14871
14813
14843
14826
14956
14804
14816
14797
14777
14827
14843
14818
14856
14762
14815
14791
14791
14814
14845
14786
14791
14757
14865
14914
14851
14812
14745
14815
14857
14810
14879
14819
14839
14837
14802
14812
14812
14805
14820
14852
14814
14843
14832
14727
14836
14795
14826
14775
14878
14886
14833
14845
14753
14846
14796
14796
14770
14801
14755
14793
14802
14789
14824
14867
14840
14822
14837
14918
14813
14847
14822
14846
14787
14815
14773
14794
14773
14803
14813
14859
14792
14770
14800
14808
14839
14838
14815
14797
14758
14783
14805
14829
14786
14819
14914
14948
14825
14787
14861
14880
14916
14860
14784
14795
14785
14797
14816
14794
14850
14788
14776
14781
14900
14768
14777
14846
14789
14785
14828
14762
14800
14759
14774
14801
14789
14810
14799
14825
14862
14821
14906
14863
14822
14825
15163
15195
15190
15151
15234
15130
15307
15097
15050
15271
15037
15173
15086
14994
15235
15235
15171
15025
15009
15066
15122
15064
15019
15179
14994
15122
15262
15164
15043
14917
14991
15001
14931
14907
14975
15091
14969
15067
14817
14809
14826
14802
14794
14866
14830
14800
14848
14817
14795
14825
14810
14832
14851
14892
14733
14884
15000
14839
15059
15139
14808
14847
14765
14756
14814
14923
14792
14863
14913
14794
15108
15197
14722
14905
14985
14780
14766
14773
14826
14821
14893
14886
14843
14810
14879
14884
14802
14748
14811
14749
14975
15167
14736
14753
14827
15189
15077
14812
14807
14741
14836
15056
15239
14782
14753
14717
15236
15034
15168
14832
15126
14768
14773
14768
14820
14845
14748
15009
15033
14786
14932
14754
14812
15047
14802
15008
14811
14749
14826
14745
14791
15228
14893
14730
14891
14748
14801
14798
14849
14856
14819
14838
14751
14791
14991
14705
14842
14792
14886
14790
14943
14749
14926
14770
14856
14875
14762
14784
15048
15135
14889
14747
14685
14941
14837
14727
14712
14804
15030
14814
14690
14740
14935
14838
15147
15001
14789
14777
14811
14881
15020
15011
14772
14808
15013
14787
14820
15115
14732
14916
14971
14972
14836
15182
15073
14791
14789
14721
14778
15149
14826
14772
14781
14831
14928
14748
14858
14710
14877
14782
14883
14804
14838
14786
14880
15261
14803
15019
15243
14737
15024
15135
14799
14875
14807
14722
15044
14784
14932
14739
14750
14786
14778
14787
14792
14773
14820
14847
14845
15108
14779
14718
14945
14915
14873
14998
14923
15235
14926
15197
14847
14786
14741
14904
15041
14849
14878
14904
14800
14812
14787
14742
14925
14767
15156
15118
14819
14955
14851
14807
14877
14886
14742
15129
14813
14854
15141
14805
14689
14937
14821
14836
14790
14820
14815
14728
14778
14804
15331
15205
15156
14896
14827
14909
14755
15193
14823
14810
15070
14906
14917
14800
14799
14681
14884
14854
14720
14764
14870
14865
14768
14746
14746
15127
14964
14765
14760
14701
14795
14915
14825
14789
14947
14827
14761
14889
14695
15163
14763
15292
14749
14828
14717
14834
14813
14835
14801
14801
14841
14720
14882
14764
14991
14900
14778
14856
15154
14850
14802
14795
14719
14839
14726
14869
14773
14904
14813
14699
14763
14780
15139
14840
14802
15158
14947
14623
14938
14736
14913
14736
14838
14888
14835
14835
14933
15243
14777
14749
14630
15235
15090
14858
15138
15073
14890
14771
14692
14843
14790
14863
14786
14908
15107
15039
14817
14750
14706
14868
14832
15079
15064
14927
14834
14934
14837
15012
14874
14905
14935
14898
14904
15139
15027
14934
15062
14801
15365
14881
14827
14903
14858
15128
15106
14828
14814
14801
15245
15291
14879
14822
14993
14776
15038
15138
15252
14976
14849
15252
15026
15145
15191
14731
14774
14724
15093
14856
14904
14847
14860
14835
15269
14727
14809
14877
14766
14754
15271
14869
14707
14775
15200
14852
15010
14857
14728
14968
14806
14899
14775
14746
14690
14847
14774
14840
14914
14713
14757
14785
14756
14791
14692
14743
14695
14696
14768
14750
14751
14769
14751
14739
14659
14878
14717
14699
14962
14744
14776
14691
14693
14807
14824
15035
14815
14781
14825
14782
14827
14985
14827
14706
14751
14836
14851
14879
14751
15040
15104
14775
14684
14834
14897
14732
14783
14794
14819
14760
14854
14827
14748
14843
14782
14730
14779
14712
14737
14776
14832
14739
15000
14872
14720
14729
14693
14732
14815
14704
14731
14786
14779
14725
14703
14727
14611
14773
14647
14697
14731
14719
14735
14717
14638
14726
14704
14697
14664
14842
14932
14811
15032
14703
14673
14896
14701
14761
14844
14762
14787
14720
14854
14849
14831
14778
14835
14740
14829
14718
14728
14921
14805
14730
14773
14990
14792
14883
14703
14754
14846
14728
15079
15052
14981
14796
15024
14753
14841
14768
14792
14877
14980
14971
14952
15127
14715
15111
14770
14777
14711
14789
14881
14907
14723
14691
14828
14842
14761
14780
14985
14809
14794
14917
14785
14746
14754
14800
14811
14812
14692
14570
14857
14626
14759
14831
14860
14769
14679
14787
14753
14656
14763
14689
14745
14633
14702
14697
14850
14719
14882
14705
14735
14835
14854
14882
14920
14799
14793
14662
15103
14859
14954
14737
14843
14892
14700
14662
14732
14749
14734
14652
14863
14733
14787
14802
14693
14798
14710
14780
14901
14822
14903
14900
14670
14787
14690
14798
14710
14767
14814
15009
14755
14735
14994
14985
14727
14731
14724
14941
14785
15088
14796
14773
14844
14670
14732
14732
14801
14744
14756
14835
14764
14779
15081
14965
14825
14792
15086
14796
14795
14745
14782
14862
14741
14703
14666
14702
14780
14858
15096
14828
14746
14682
14679
14698
14788
14752
14760
14732
14685
14769
14850
14699
14817
14899
14783
14826
14773
14667
14728
14755
14862
14700
14629
14749
15135
14741
14850
14749
14790
14745
14722
14896
14839
14726
14719
15040
14739
14758
14679
14774
14754
14813
14746
14773
14947
14758
14674
14741
14718
14747
14860
14805
14949
14916
14789
14978
14835
14766
14836
14755
14709
14870
14758
14832
14768
14738
14838
14847
14761
14713
14673
14818
14889
14737
14711
14937
14750
14866
14782
14778
14670
14865
14713
14800
14786
14774
14833
14635
14829
14786
15012
14796
14675
14770
14685
14804
14686
14699
14876
14718
14841
14832
14868
14902
14754
14752
14742
14811
14718
14760
14851
14926
14660
14805
14650
14695
14710
14913
14849
14679
14750
14766
14854
14812
14843
14861
14912
15055
14816
14775
14873
14687
14741
14802
14871
14815
14852
14844
14790
14709
14877
14906
14790
14742
14859
14724
14869
14847
14731
14849
14909
14837
15048
14712
14872
14711
14904
14994
14945
14892
14762
14761
14721
14972
14819
14834
14910
14743
14794
14753
14743
14748
14953
14757
14821
14879
14911
14736
14844
14790
14695
14875
14729
14710
14808
15077
14810
14681
14756
14752
14791
14823
14711
14844
14936
14852
14734
14750
14847
14835
14700
14903
14756
14769
14850
14829
14810
14693
15147
14854
15153
14874
14973
14738
14794
14772
14940
14882
14832
14730
14719
14734
14744
15072
14866
14685
14782
14761
14670
14748
14770
14830
14762
14632
14972
14896
14968
14737
14926
15019
14811
14727
14658
14857
14995
14779
14891
14615
14869
14686
14708
14950
14696
14894
14788
14883
14803
14743
14753
14762
14948
14774
14854
14746
14703
14720
14830
14725
14747
14726
14880
14646
14802
14762
14772
15147
14863
14827
14883
14758
14864
14725
14731
14690
14711
14873
14798
14864
15041
14726
14884
14950
14788
15068
15171
14785
14946
14648
14947
14934
14930
14746
14851
14803
14786
15012
14738
14751
14760
14662
14672
14818
14939
15037
14788
14840
14654
14786
14741
14661
14769
14632
14835
14706
14802
14782
14729
14683
14774
14705
14769
14785
14691
14899
14880
15164
14721
14890
14832
14820
14895
14694
14797
14924
14899
14940
14899
14729
14696
14835
14820
14719
14774
14836
14663
14728
15070
14919
14850
14704
14731
14828
14830
14905
14776
14822
14795
14765
14702
14780
14707
14795
14847
14705
14946
14823
15050
14711
14756
14927
14822
14881
14878
14777
14857
14958
14785
14989
14675
15222
14688
14675
14775
14757
14749
15074
14875
14833
14666
14899
14717
14995
14833
14867
14705
14668
14844
14725
14750
14672
15046
15070
14757
14752
14650
14740
14768
14692
14804
14792
14911
14813
14710
14787
14680
14734
14782
14845
14890
14752
14840
14789
14785
14676
14814
14685
14697
14698
14717
14735
14780
14723
14812
14771
14772
14874
14793
14710
14774
14797
15017
15067
14636
14665
15134
15155
15016
14838
15122
15147
14701
15187
15082
14740
14731
14757
14749
14879
14863
14745
14873
14658
14859
14804
14900
14811
14742
14712
14795
14816
14820
14680
14819
14763
14839
14751
14674
14815
14865
14874
14820
14836
14827
14864
14764
14731
14873
14857
14845
14900
14902
14908
14769
14879
14884
14832
14854
14836
14745
14723
14738
14899
14874
14822
14838
14731
14795
14714
14801
14702
14845
14935
14775
14753
14834
14851
14859
14796
14961
14747
14927
14677
14810
14914
14881
14783
14803
14901
14820
14926
14917
14875
14899
14890
14912
14869
14664
14813
14822
14846
14867
14815
14869
14857
14866
14635
14901
14898
14859
14875
14872
14763
14714
14797
14823
14800
14807
14793
14838
14774
14589
14764
14807
14810
14807
14695
14859
14689
14825
14856
14864
14717
14758
14735
14871
14871
14717
14757
14887
14957
14819
14920
14898
14767
14849
14776
14788
14945
14700
14917
14923
14876
14931
14905
14815
15002
14864
14959
14806
14896
14926
14772
14733
14906
14794
14850
14865
14898
14852
14942
14953
14903
14727
14884
14857
14931
14783
14857
14747
14821
14675
14744
14814
14834
14861
14884
14868
14629
14924
14878
14820
14784
14725
14751
14797
14788
14787
14765
14904
14939
14840
14776
14893
14984
14902
14889
15012
14944
14910
14954
14952
14877
14674
14886
14924
14795
14825
14887
14876
14756
14821
14614
14734
14825
14766
14756
14819
14818
15071
14910
14938
14612
14757
14647
14909
15069
15060
14721
14791
14881
14775
14783
14752
14784
14704
14869
14937
15106
14974
14575
14937
14702
14950
15071
14664
14829
14823
14936
15052
15112
14775
14588
14911
14769
14711
14789
14767
14703
15032
14722
14952
14712
14671
14756
14785
14729
14797
14765
14931
14922
14904
14713
14740
14895
14829
14912
14788
14974
14979
14929
14962
14683
15013
14940
14925
14871
14876
14948
15016
14842
14888
14986
14781
14812
14904
14721
14985
14599
14679
14979
14772
14992
14782
14757
14972
14901
14923
14995
14736
14865
14927
14845
14676
15014
14877
14720
14978
14947
14939
14891
14998
14987
14993
14785
14946
14917
14829
15012
14914
14730
14933
14949
14965
15011
14919
14851
14741
14982
14961
14623
14929
14945
14816
14786
14703
14946
14894
14969
14850
14841
14778
14968
14946
14963
14954
14759
14947
14957
14908
14745
14769
14758
14768
15001
14954
14636
15045
14653
14746
14928
14960
14762
14933
14724
14487
14906
14741
14951
14749
14773
14808
14823
14790
15020
14905
14883
14992
14941
14984
14886
14798
14831
14851
14974
14956
14974
14867
14861
14833
14979
14813
14853
14839
15015
14672
14954
14962
14873
14779
14795
14746
14920
14796
15000
14753
14866
14918
15005
14920
14977
14907
14911
14913
14713
14795
14933
14952
14649
14587
14954
14869
14831
14924
14982
14938
14982
14957
14863
14566
14958
14978
14973
14957
14658
14663
14956
14891
14942
14973
14947
14976
14999
14957
14961
14961
15001
14945
14657
15080
14954
14974
15005
15010
14974
14672
14770
14778
14914
14849
14789
14963
14972
14951
14862
14936
14976
14904
14873
14900
14943
14965
14662
15004
14810
15016
14696
14698
14711
14671
14837
14926
15025
14937
14790
14768
14839
14994
15037
14862
14922
14949
14802
14789
14974
14963
14777
14600
14767
14791
14681
14865
14975
14883
14732
14691
14749
14821
14875
14890
14895
14837
14802
15103
14928
14950
14788
14951
14726
14869
15005
14684
14669
14965
14704
14937
14922
14706
14971
14980
14990
14825
14781
14959
14677
14611
14728
14840
14943
14685
14898
14874
14905
14760
14975
14754
14971
14737
14931
14888
14968
14950
14884
14934
14830
14975
15025
14985
14704
14603
14847
15001
14922
14922
14996
14992
14949
14955
14742
14930
14982
15041
15068
14834
14659
15034
14946
14987
15024
14911
14689
14899
14891
14792
14960
14693
14746
14949
14982
14961
14961
14644
14849
14994
14765
14917
14962
14652
14664
14969
14983
14964
14961
14614
15029
14953
14935
15005
14956
14976
14964
14948
14875
14959
14935
14906
14866
14976
14981
14923
14973
15009
14815
14941
14925
15017
14997
14939
15020
14971
15011
14906
14729
14970
14775
15018
14943
14793
14687
15015
14940
14899
14877
15010
14904
14722
15012
14954
14850
14663
14953
14984
14881
14722
14913
14690
14731
14792
14966
14762
14991
14688
14716
14867
14817
15007
14958
14661
14892
14930
14937
14956
14914
14677
14967
15006
15001
14975
14991
15014
15037
14887
14816
14909
14722
15015
14927
14988
14870
14853
14932
14956
14935
15049
14964
14787
14937
14970
14698
14950
14803
14996
14649
14916
14993
14705
14907
14921
14623
14972
14890
14966
14719
14577
15041
14936
14914
14921
14865
14832
14518
15036
14740
14936
14944
14919
14945
14990
14631
14890
14859
14836
14760
14950
15014
14863
14683
14832
14923
14856
14926
14908
15026
14838
14706
14874
14821
14962
15014
14690
15023
14916
14916
15000
14964
14831
14950
14878
14993
14777
14596
14956
14914
14863
14651
14796
14831
14939
14998
14870
14993
14994
14970
14975
14990
14739
14838
15039
14788
14561
14686
14873
14744
14844
14867
14893
14678
14755
14775
14955
14842
14793
14790
14975
14920
14932
14773
14999
14678
14932
14709
14790
14833
14990
14932
14660
14979
14943
14953
14719
14819
14927
14887
14899
15023
14610
14788
14905
14950
14794
14717
14937
14844
14795
14811
14750
14927
14840
14758
14840
14922
14784
15034
14770
14928
14965
14977
15006
14916
14735
14902
14937
14990
15017
15005
14947
14969
14810
14951
14724
14880
14634
14738
14941
14780
14917
14955
14973
14779
15018
14943
14870
14773
14592
14582
14562
14669
14836
14808
14898
14816
14818
14884
14898
14590
14677
14592
14802
14806
14877
14946
14892
14916
14863
14871
14810
14921
14643
14772
14868
14937
14909
14789
14801
14886
14533
14732
14921
14838
14924
14754
14810
14894
14656
14853
14833
14766
14800
14849
14588
14785
14953
14824
14913
14885
14676
14943
14854
14835
14757
14882
14455
14862
14739
14708
14769
14712
14890
14736
14883
14778
14833
14929
14777
14827
14780
14906
14830
14820
14712
14720
14546
14584
14569
14829
14801
14712
14691
14758
14754
14805
14767
14791
14760
14801
14719
14863
14899
14536
14935
14817
14828
14552
14806
14945
14620
14791
14786
14736
14862
14907
14503
14842
14660
14728
14814
14754
14882
14838
14811
14871
14738
14762
14847
14826
14502
14818
14601
14741
14892
14814
14854
14845
14835
14767
14827
14696
14693
14860
14842
14724
14792
14927
14664
14860
14915
14926
14756
14751
14684
14786
14712
14955
14894
14788
14645
14689
14538
14859
14730
14842
14785
14663
14752
14763
14885
14763
14577
14876
14688
14814
14871
14801
14820
14896
14760
14840
14860
14807
14848
14823
14969
14811
14842
14844
14864
14836
14894
14731
14772
14802
14804
14941
14863
14930
14786
14880
14528
14853
14903
14886
14528
14689
14687
14786
14792
14869
14900
14817
14826
14948
14776
14704
14866
14835
14637
14722
14734
14839
14799
14929
14822
14818
14826
14683
14870
14924
14899
14926
14817
14802
14912
14725
14869
14757
14870
14875
14752
14780
14772
14844
14783
14872
14798
14869
14747
14770
14796
14910
14886
14710
14766
14723
14862
14844
14886
14793
14570
14775
14738
14709
14831
14519
14758
14885
14910
14793
14800
14620
14671
14712
14848
14776
14893
14688
14810
14850
14494
14764
14758
14818
14555
14802
14904
14860
14801
14620
14761
14685
14934
14517
14832
14759
14789
14570
14854
14741
14891
14822
14852
14708
14738
14925
14894
14935
14912
14826
14929
14777
14780
14739
14900
14759
14749
14897
14865
14753
14880
14875
14747
14894
14563
14716
14872
14802
14559
14870
14809
14779
14906
14907
14862
14753
14893
14664
14774
14959
14827
14699
14804
14921
14884
14891
14728
14743
14808
14842
14789
14812
14867
14776
14529
14851
14775
14736
14819
14859
14847
14956
14795
14779
14766
14769
14708
14863
14907
14649
14694
14644
14882
14847
14550
14886
14563
14814
14891
14564
14868
14709
14902
14909
14876
14860
14872
14945
14930
14909
14881
14918
14830
14876
14835
14783
14927
14942
14759
14945
14895
14811
14773
14916
14899
14597
14531
14548
14703
14735
14685
14451
14641
14686
14732
14679
14616
14560
14524
14516
14417
14703
14501
14535
14552
14498
14700
14450
14784
14548
14498
14611
14689
14626
14501
14688
14518
14587
14648
14536
14620
14742
14666
14614
14577
14617
14571
14503
14516
14628
14656
14678
14611
14657
14682
14732
14522
14695
14570
14675
14672
14426
14708
14759
14692
14488
14642
14600
14561
14549
14637
14487
14519
14695
14545
14695
14697
14561
14635
14594
14496
14668
14645
14698
14699
14653
14502
14664
14726
14647
14563
14718
14721
14535
14548
14719
14627
14615
14709
14638
14641
14690
14644
14597
14544
14705
14653
14666
14721
14651
14589
14669
14627
14702
14745
14690
14592
14554
14575
14549
14634
14714
14684
14661
14476
14659
14556
14596
14666
14798
14637
14722
14642
14697
14555
14549
14719
14641
14672
14518
14617
14666
14675
14658
14583
14757
14507
14682
14596
14674
14709
14499
14558
14560
14528
14645
14529
14685
14584
14474
14560
14558
14570
14607
14693
14711
14743
14439
14641
14506
14708
14575
14541
14685
14728
14686
14674
14631
14684
14571
14499
14613
14765
14484
14682
14682
14431
14561
14691
14617
14636
14651
14688
14579
14551
14700
14673
14535
14662
14645
14513
14471
14594
14706
14492
14579
14609
14559
14515
14704
14707
14518
14501
14566
14537
14615
14525
14624
14526
14408
14676
14602
14704
14522
14704
14527
14617
14552
14657
14587
14601
14535
14732
14707
14687
14701
14586
14593
14453
14756
14676
14674
14691
14766
14681
14684
14481
14711
14578
14612
14723
14702
14635
14695
14658
14625
14690
14615
14620
14695
14553
14551
14721
14723
14642
14423
14477
14560
14636
14609
14553
14660
14697
14655
14682
14448
14432
14641
14655
14562
14604
14514
14546
14519
14496
14721
14661
14659
14679
14585
14466
14452
14685
14526
14491
14673
14676
14664
14533
14472
14671
14643
14651
14562
14666
14586
14545
14636
14620
14621
14558
14702
14622
14606
14591
14668
14617
14490
14593
14688
14473
14691
14468
14672
14498
14601
14514
14543
14599
14556
14676
14473
14533
14497
14700
14681
14550
14647
14527
14657
14501
14626
14487
14497
14633
14631
14410
14646
14439
14620
14656
14553
14569
14576
14570
14573
14622
14532
14642
14513
14461
14647
14618
14524
14524
14550
14495
14465
14604
14555
14619
14542
14644
14482
14491
14477
14560
14552
14598
14474
14477
14559
14423
14542
14526
14608
14518
14490
14518
14528
14638
14481
14673
14604
14522
14482
14526
14454
14491
14666
14487
14562
14540
14588
14650
14643
14641
14590
14597
14550
14673
14602
14618
14557
14523
14535
14544
14559
14505
14558
14582
14550
14452
14609
14495
14483
14637
14534
14446
14680
14454
14623
14524
14628
14618
14616
14553
14671
14662
14639
14695
14457
14480
14481
14444
14475
14510
14563
14555
14658
14453
14548
14479
14592
14490
14488
14638
14565
14642
14648
14713
14630
14592
14587
14659
14475
14628
14601
14579
14546
14597
14428
14499
14553
14682
14456
14427
14658
14680
14505
14580
14711
14587
14671
14664
14623
14648
14524
14627
14541
14510
14571
14482
14522
14627
14468
14488
14690
14492
14595
14575
14519
14692
14445
14702
14569
14666
14677
14678
14446
14658
14601
14518
14515
14601
14450
14662
14461
14649
14515
14577
14675
14644
14671
14569
14606
14680
14506
14527
14491
14626
14483
14647
14479
14502
14533
14561
14455
14603
14588
14528
14564
14542
14620
14538
14629
14573
14606
14673
14553
14504
14481
14575
14586
14520
14696
14632
14661
14635
14540
14677
14575
14559
14575
14514
14646
14477
14683
14493
14650
14593
14538
14565
14463
14513
14618
14564
14476
14439
14595
14571
14571
14472
14584
14516
14514
14620
14481
14659
14613
14562
14558
14352
14518
14466
14631
14425
14624
14585
14675
14438
14574
14670
14462
14455
14629
14513
14532
14616
14508
14625
14639
14632
14446
14455
14626
14663
14586
14571
14559
14654
14670
14588
14701
14557
14458
14542
14452
14604
14536
14496
14492
14496
14514
14626
14539
14557
14536
14450
14497
14587
14531
14555
14441
14498
14609
14600
14519
14540
14484
14607
14479
14521
14550
14627
14548
14597
14460
14615
14676
14484
14484
14661
14569
14480
14696
14677
14536
14531
14508
14585
14565
14567
14594
14636
14512
14512
14513
14679
14640
14542
14675
14573
14605
14677
14438
14407
14502
14542
14614
14484
14584
14569
14501
14596
14578
14468
14581
14518
14549
14702
14485
14555
14471
14528
14615
14487
14682
14614
14534
14576
14685
14331
14494
14522
14541
14545
14612
14668
14652
14603
14616
14662
14448
14599
14685
14490
14647
14612
14554
14530
14663
14542
14505
14655
14462
14528
14607
14550
14515
14683
14442
14533
14469
14557
14660
14631
14633
14586
14589
14570
14431
14649
14679
14589
14607
14575
14577
14567
14552
14642
14494
14467
14542
14622
14560
14481
14468
14558
14524
14528
14588
14626
14475
14681
14611
14544
14548
14568
14676
14600
14433
14628
14512
14577
14539
14542
14503
14652
14462
14685
14600
14623
14591
14596
14580
14620
14649
14637
14681
14506
14473
14586
14602
14579
14503
14701
14546
14643
14584
14596
14618
14601
14504
14638
14460
14649
14616
14552
15006
15011
14970
14972
14962
15044
15019
15008
14907
14959
14871
14815
14874
14940
14923
14856
14952
14881
14911
15141
14878
15039
14951
14919
15133
14827
15104
14957
15086
15082
14896
15205
15094
14995
14851
15194
14998
15046
14902
14942
14951
14991
14984
14873
15122
14931
14931
14806
15101
14955
14922
14894
14999
14853
14970
15052
15062
15029
14975
14914
14847
14910
15106
15115
14943
15075
15179
15092
15103
14838
15052
14881
15114
14912
15102
14979
15075
15022
14904
15065
14842
14856
14819
14893
15037
15102
14886
15089
15112
15238
15130
15185
15237
15176
15187
15213
15185
15223
15095
15116
15129
15125
15148
15249
15220
15269
15274
15197
15233
15262
15200
15364
15263
15202
15244
15169
15238
15153
15274
15340
15306
15389
15270
15286
15286
15454
15222
15187
15288
15295
15321
15240
15257
15318
15320
15289
15281
15141
15392
15362
15144
15262
15134
15272
15270
15195
15121
15270
15100
15218
15212
15304
15179
15256
15187
15254
15290
15189
15222
15159
15223
15357
15343
15260
15442
15359
15230
15341
15405
15185
15211
15201
15300
15338
15145
15167
15279
15418
15484
15195
15107
15346
15180
15424
15178
15181
15285
15344
15188
15259
15249
15215
15346
15451
15409
15407
15417
15393
15301
15237
15214
15256
15386
15289
15194
15307
15129
15379
15190
15176
15267
15271
15380
15349
15214
15200
15233
15090
15132
15148
15229
15125
15310
15281
15205
15253
15290
15225
15186
15283
15171
15217
15239
15478
15209
15211
15190
15140
15253
15287
15161
15177
15153
15150
15141
15144
15269
15246
15130
15235
15248
15247
15124
15119
15051
15018
14925
14984
14980
15084
15090
15052
15083
14898
15053
14988
14931
14952
14978
15072
15097
15081
15022
15093
15083
15149
15129
15145
15239
15187
15339
15067
15393
15182
15087
15261
15180
15207
15131
15312
15010
15020
15212
15078
15040
15001
15004
15095
15195
15031
15105
15295
15020
15114
15006
14888
15072
15071
15108
15071
15041
15241
15010
15282
15221
15270
15143
15057
15165
15173
15044
15205
15208
14944
15282
15036
15328
14998
15135
15067
15091
15089
15154
15128
15098
15172
15021
14985
15006
15128
15217
14997
15019
15166
15200
15126
15131
15001
15054
15113
15122
15118
15082
15123
15093
15089
14970
14982
15005
15312
14998
14947
15005
15019
14913
15142
15175
15152
15166
15199
15230
15153
15128
15166
15193
15035
15125
14952
14957
15183
15138
15073
15196
15235
15111
15052
15081
15125
15170
15070
15068
15177
15159
15149
15189
15073
15015
15135
15159
15135
15092
15113
15115
15113
15153
15260
15097
15115
15051
15170
15133
15166
15123
15120
15130
15085
15166
15302
15110
14933
15029
15056
15047
15188
14997
15232
15154
15095
15115
15144
15066
15134
15300
15149
15256
15080
15072
15098
15333
15261
15234
15047
15015
15267
15078
14938
15333
15184
15165
15164
15030
15181
15273
15005
15000
14921
15154
15209
14924
15114
15129
15087
15248
15050
15084
15189
15101
15223
15086
14937
15163
15274
15223
15092
15153
15007
15103
15119
15107
14988
15171
15103
15128
15066
15062
15273
15167
15169
15142
15164
15087
15233
15267
15132
15020
15152
15084
15088
15114
15124
15168
15302
14936
15104
15052
14998
15167
14993
15106
15052
15086
15062
14989
14901
15077
15212
15093
15218
15247
15202
15135
14969
15073
15012
15280
15111
15144
15031
14985
14957
15072
15078
14980
15157
15019
14976
14958
15079
